$ 1 0.000005 10.20027730826997 50 5 50
R -32 240 -32 320 0 3 110 0.5 0.5 0 0.5
409 368 224 512 224 1 0.6 -1.1740773661189385 0.023100000000000002 1
r -32 240 80 240 0 47000
r 368 144 512 144 0 10000
r 368 144 256 144 0 10000
w 80 240 208 240 0
w 368 144 368 208 0
w 512 144 512 224 0
c 512 224 624 224 0 1.0000000000000001e-7 1.1124116877242716
r 624 224 624 336 0 330000
w 624 224 720 224 0
g 256 144 256 192 0
g 624 336 624 384 0
g 432 256 432 336 0
R 432 192 464 176 0 0 40 3.3 0 0 0.5
c 80 240 80 304 0 1e-9 0.41762739325541526
g 80 304 80 352 0
r 720 224 832 224 0 100000
g 832 224 832 288 0
R 160 64 160 16 0 0 40 3.3 0 0 0.5
r 160 64 160 112 0 560000
r 160 112 160 160 0 100000
g 160 160 160 192 0
w 160 112 208 112 0
r 208 112 208 240 0 100000
w 208 240 368 240 0
w 208 496 384 496 0
g 848 480 848 544 0
r 736 480 848 480 0 100000
R 448 448 480 432 0 0 40 3.3 0 0 0.5
g 448 512 448 592 0
g 640 592 640 640 0
w 640 480 736 480 0
r 640 480 640 592 0 330000
c 528 480 640 480 0 1.0000000000000001e-7 1.1124116877243564
w 528 400 528 480 0
w 384 400 384 464 0
r 384 400 272 400 0 10000
r 384 400 528 400 0 10000
409 384 480 528 480 1 0.6 -1.174077366118954 0.023100000000000002 1
w 208 240 208 496 0
g 272 400 272 432 0
o 0 64 0 4354 2.5 0.1 0 2 10 0
